|##|A|B|C|D| F0|F1|F2|F3|F4|F5|F6|F7|F8|F9|
|==+=+=+=+=+ ==|==|==|==|==|==|==|==|==|==|
| 0|0|0|0|0| 0 |0 |0 |0 |0 |1 |0 |0 |0 |0 |
| 1|0|0|0|1| 0 |0 |0 |0 |0 |1 |1 |0 |0 |1 |
| 2|0|0|1|0| 0 |0 |0 |0 |0 |1 |1 |0 |0 |1 |
| 3|0|0|1|1| 1 |1 |0 |0 |1 |1 |1 |1 |1 |0 |
|--+-+-+-+-+ --|--|--|--|--|--|--|--|--|--|
| 4|0|1|0|0| 0 |0 |0 |0 |0 |1 |0 |0 |0 |1 |
| 5|0|1|0|1| 0 |1 |0 |0 |0 |0 |1 |1 |0 |0 |
| 6|0|1|1|0| 1 |0 |0 |1 |0 |0 |0 |1 |0 |0 |
| 7|0|1|1|1| 1 |1 |1 |1 |1 |0 |0 |0 |1 |1 |
|--+-+-+-+-+ --|--|--|--|--|--|--|--|--|--|
| 8|1|0|0|0| 0 |0 |0 |0 |0 |1 |1 |0 |0 |1 |
| 9|1|0|0|1| 1 |0 |0 |1 |0 |0 |0 |1 |0 |0 |
|10|1|0|1|0| 0 |0 |0 |0 |0 |0 |0 |1 |0 |0 |
|11|1|0|1|1| 1 |1 |1 |1 |1 |0 |0 |0 |1 |1 |
|--+-+-+-+-+ --|--|--|--|--|--|--|--|--|--|
|12|1|1|0|0| 1 |1 |0 |0 |0 |1 |0 |1 |0 |0 |
|13|1|1|0|1| 1 |1 |1 |1 |0 |0 |1 |0 |0 |1 |
|14|1|1|1|0| 1 |1 |1 |1 |0 |0 |0 |0 |0 |1 |
|15|1|1|1|1| 1 |1 |1 |1 |1 |0 |0 |0 |1 |0 |
|--+-+-+-+-+ --|--|--|--|--|--|--|--|--|--|
